249 1
1
2
3
4
5
6
7
8
9
11
12
14
16
19
21
22
26
29
31
34
36
37
39
41
42
44
46
50
51
55
56
57
58
60
61
62
63
65
66
67
69
70
71
72
74
75
76
77
78
79
80
81
82
83
84
85
86
87
88
89
90
91
92
95
96
97
99
102
105
107
110
112
113
117
123
124
127
128
131
132
134
138
139
141
142
145
148
153
155
159
161
166
169
172
174
177
179
182
185
187
189
190
191
192
194
195
196
198
200
202
213
214
215
216
217
219
220
222
224
225
226
227
228
229
230
231
234
235
236
240
241
246
249
250
251
253
254
257
260
261
266
268
270
274
276
278
281
283
285
286
288
290
292
295
299
301
303
310
318
320
326
327
330
332
336
337
338
341
342
347
348
351
356
357
359
360
361
364
368
369
370
371
374
376
380
382
383
387
389
393
394
400
405
406
412
414
416
420
421
426
428
435
438
442
444
445
447
451
455
456
457
461
462
463
464
465
467
468
470
472
473
474
476
478
480
481
482
483
484
485
491
510
512
516
519
521
526
527
528
533
534
540
544
548
549
554
557
564
566
