568 1
   0.00000
   0.92731
   1.00884
   0.97854
   1.97266
   0.88338
   0.99593
   0.99806
   1.79575
   1.12097
   0.00000
   1.20187
   1.81329
   0.00000
   2.45029
   0.00000
   0.47065
   0.00000
   0.00000
   2.61271
   0.00000
   2.79942
   4.14720
   0.00000
   0.00000
   0.00000
   1.19870
   0.00000
   0.00000
   3.30563
   0.00000
   2.40604
   0.00000
   0.00000
   2.88404
   0.00000
   0.90943
   1.56163
   0.00000
   4.41556
   0.00000
   2.44457
   1.91203
   0.00000
   1.74092
   0.00000
   2.02717
   0.00000
   0.00000
   0.00000
   2.01097
   1.87657
   0.00000
   0.00000
   0.00000
   2.02559
   1.74505
   2.49574
   0.37531
   0.00000
   1.18286
   1.92741
   0.60578
   0.69634
   0.00000
   0.65993
   1.75439
   1.20455
   0.00000
   0.89424
   1.04124
   0.84966
   1.45244
   0.00000
   1.05376
   2.37670
   0.85619
   1.25807
   0.99402
   1.07181
   0.61602
   1.05285
   0.82308
   1.29775
   1.03703
   1.23286
   1.04640
   1.02918
   1.01215
   1.01372
   1.13265
   1.14248
   1.18656
   0.00000
   0.00000
   1.51263
   1.49309
   3.25930
   0.00000
   1.80931
   0.00000
   0.00000
   0.93565
   0.00000
   0.00000
   4.68900
   0.00000
   2.28115
   0.00000
   0.00000
   2.49787
   0.00000
   1.79145
   1.91435
   0.00000
   0.00000
   0.00000
   2.11224
   0.00000
   0.00000
   0.00000
   0.00000
   0.00000
   4.02631
   2.16025
   0.00000
   0.00000
   1.07186
   2.32497
   0.00000
   0.00000
   2.71061
   1.91504
   0.00000
   0.63048
   0.00000
   0.00000
   0.00000
   1.92545
   2.52870
   0.00000
   1.82747
   2.05156
   0.00000
   0.00000
   2.42463
   0.00000
   0.00000
   3.13345
   0.00000
   0.00000
   0.00000
   0.00000
   3.87350
   0.00000
   3.38986
   0.00000
   0.00000
   0.00000
   3.98743
   0.00000
   2.65147
   0.00000
   0.00000
   0.00000
   0.00000
   2.25043
   0.00000
   0.00000
   4.22647
   0.00000
   0.00000
   2.34087
   0.00000
   3.31811
   0.00000
   0.00000
   3.73760
   0.00000
   3.91216
   0.00000
   0.00000
   5.01378
   0.00000
   0.00000
   1.45237
   0.00000
   1.76634
   0.00000
   1.89142
   2.56419
   2.28375
   1.47099
   0.00000
   1.39731
   0.84980
   2.46298
   0.00000
   2.39545
   0.00000
   2.68698
   0.00000
   2.92803
   0.00000
   0.00000
   0.00000
   0.00000
   0.00000
   0.00000
   0.00000
   0.00000
   0.00000
   0.00000
   1.22299
   0.51708
   1.39371
   1.03697
   1.73251
   0.00000
   1.33081
   1.66141
   0.00000
   2.89329
   0.00000
   0.08146
   1.03344
   0.71343
   0.92186
   1.56719
   0.45769
   1.24393
   0.98911
   0.00000
   0.00000
   0.68666
   2.19126
   1.19445
   0.00000
   0.00000
   0.00000
   2.84136
   4.25604
   0.00000
   0.00000
   0.00000
   0.00000
   2.31404
   0.00000
   0.00000
   3.88054
   0.51125
   1.37500
   0.00000
   2.34149
   0.78633
   0.00000
   0.00000
   2.69248
   0.00000
   0.00000
   1.71642
   2.18053
   0.00000
   0.00000
   0.00000
   0.00000
   1.28035
   0.00000
   2.30514
   0.00000
   2.02365
   0.00000
   0.00000
   0.00000
   2.39655
   0.00000
   4.13601
   0.00000
   3.35634
   0.00000
   0.00000
   4.81236
   0.00000
   6.44144
   0.00000
   2.28645
   1.70026
   0.00000
   3.58004
   0.00000
   1.66738
   0.00000
   2.18272
   0.00000
   0.00000
   2.04038
   0.00000
   0.00000
   0.00000
   2.40299
   0.00000
   4.01332
   0.00000
   2.05048
   0.00000
   0.00000
   0.00000
   0.00000
   0.00000
   0.00000
   6.94973
   0.00000
   0.00000
   0.00000
   0.00000
   0.00000
   0.00000
   0.00000
   4.74974
   0.00000
   0.45009
   0.00000
   0.00000
   0.00000
   0.00000
   0.00000
   1.64930
   2.51214
   0.00000
   0.00000
   5.56557
   0.00000
   4.72017
   0.00000
   0.00000
   0.00000
   3.41796
   0.30387
   4.19358
   0.00000
   0.00000
   2.60950
   2.68950
   0.00000
   0.00000
   0.00000
   0.00000
   2.48875
   1.53051
   0.00000
   0.00000
   3.72146
   0.00000
   0.00000
   0.00000
   0.00000
   0.88891
   1.42596
   0.00000
   4.51868
   3.96472
   4.38243
   0.00000
   0.00000
   2.20408
   0.00000
   0.00000
   0.00000
   1.41734
   2.94362
   2.04216
   4.06001
   0.00000
   0.00000
   1.43559
   0.00000
   4.51033
   0.00000
   0.00000
   0.00000
   1.53893
   0.00000
   1.57177
   0.69506
   0.00000
   0.00000
   0.00000
   3.53316
   0.00000
   2.98301
   0.00000
   0.00000
   0.00000
   1.87850
   2.92174
   0.00000
   0.00000
   0.00000
   0.00000
   0.00000
   3.48959
   0.00000
   0.00000
   0.00000
   0.00000
   2.69094
   4.41395
   0.00000
   0.00000
   0.00000
   0.00000
   0.00000
   2.29018
   0.00000
   3.27999
   0.00000
   1.79939
   0.00000
   0.00000
   0.00000
   4.13494
   1.12085
   0.00000
   0.00000
   0.00000
   0.00000
   3.67483
   0.00000
   2.84841
   0.00000
   0.00000
   0.00000
   0.00000
   0.00000
   0.00000
   4.96344
   0.00000
   0.00000
   3.37664
   0.00000
   0.00000
   0.00000
   3.03969
   0.00000
   1.55111
   0.62137
   0.00000
   1.57860
   0.00000
   0.00000
   0.00000
   2.13506
   0.00000
   0.00000
   0.00000
   2.97556
   0.95322
   2.20892
   0.00000
   0.00000
   0.00000
   3.70200
   2.48859
   0.69487
   0.60564
   2.35801
   0.00000
   0.83374
   2.49957
   0.00000
   3.11823
   0.00000
   0.80542
   1.73200
   0.39906
   0.00000
   3.41067
   0.00000
   0.59722
   0.00000
   2.67673
   2.73567
   1.52734
   0.93265
   1.71594
   1.20929
   0.00000
   0.00000
   0.00000
   0.00000
   0.00000
   3.14129
   0.00000
   0.00000
   0.00000
   0.00000
   0.00000
   0.00000
   0.00000
   0.00000
   0.00000
   0.00000
   0.00000
   0.00000
   0.00000
   0.00000
   0.00000
   0.00000
   0.00000
   0.00000
   2.00195
   0.00000
   2.09716
   0.00000
   0.00000
   0.00000
   2.83848
   0.00000
   0.00000
   4.55103
   0.00000
   2.45811
   0.00000
   0.00000
   0.00000
   0.00000
   1.89034
   3.14208
   4.12869
   0.00000
   0.00000
   0.00000
   0.00000
   3.70894
   1.00579
   0.00000
   0.00000
   0.00000
   0.00000
   0.00000
   1.30079
   0.00000
   0.00000
   0.00000
   5.64578
   0.00000
   0.00000
   0.00000
   3.05620
   2.80008
   0.00000
   0.00000
   0.00000
   0.00000
   4.85734
   0.00000
   0.00000
   3.12644
   0.00000
   0.00000
   0.00000
   0.00000
   0.00000
   0.00000
   2.17753
   0.00000
   2.61308
   0.00000
