232 1
38
56
90
169
174
184
235
247
265
279
292
307
316
364
411
413
425
442
450
486
500
515
528
530
567
568
614
663
666
722
745
752
763
769
770
814
824
856
876
923
924
943
952
976
979
987
1011
1051
1059
1130
1131
1133
1140
1231
1246
1257
1295
1410
1414
1490
1571
1577
1635
1712
1831
1923
1936
1944
1979
1982
2047
2056
2247
2276
2302
2303
2306
2326
2384
2443
2448
2460
2548
2639
2739
2894
2971
2977
2981
3004
3055
3069
3103
3195
3216
3466
3567
3626
3632
3659
3678
3680
3763
3809
3869
3989
4075
4080
4104
4156
4181
4233
4272
4315
4345
4346
4399
4418
4425
4458
4460
4487
4556
4705
4767
4775
4784
4789
4790
4845
4848
4871
4890
4940
5058
5083
5201
5267
5344
5386
5432
5490
5517
5522
5570
5576
5578
5641
5646
5689
5700
5701
5704
5709
5769
5778
5799
5848
5880
5926
5930
6045
6055
6076
6089
6092
6126
6137
6171
6193
6203
6226
6295
6321
6424
6440
6443
6444
6464
6477
6484
6573
6586
6587
6671
6673
6674
6725
6734
6787
6802
6845
6975
6976
6993
7004
7055
7115
7119
7124
7225
7242
7259
7312
7362
7438
7444
7480
7611
7654
7660
7758
7957
7960
7968
7975
7985
7992
7993
8002
8034
8042
8047
8070
8146
8200
8204
8206
8262
8417
8419
8421
