5
6
7
9
10
11
13
16
17
19
20
22
25
26
30
31
32
33
34
35
36
37
38
39
41
43
44
45
46
47
49
50
51
54
55
57
58
59
60
61
65
66
67
68
71
72
74
75
77
81
85
86
87
92
95
97
108
116
117
119
122
131
134
141
154
155
158
159
160
161
162
163
164
170
171
178
179
183
195
198
199
213
216
217
236
237
244
245
247
249
250
251
252
255
257
258
260
261
262
264
265
266
268
279
285
287
293
294
315
322
323
336
339
340
345
349
375
376
377
378
381
390
391
393
394
396
397
402
404
405
408
419
429
481
482
484
485
505
518
522
550
551
552
556
561
563
564
565
572
574
575
576
577
579
581
586
592
593
597
599
602
603
604
607
608
609
610
611
612
651
685
686
687
688
689
690
691
692
693
698
699
700
701
702
703
704
705
707
712
714
715
716
717
721
731
732
734
735
736
737
746
749
752
759
760
762
769
770
771
779
780
781
782
783
784
785
796
798
799
800
810
812
813
814
816
817
819
826
827
829
832
833
839
840
842
843
844
845
846
847
848
858
862
863
865
867
868
869
870
871
872
875
885
890
893
896
897
906
907
908
910
912
929
932
963
965
966
986
988
991
1019
1025
1029
1047
1052
1065
1084
1109
1131
1132
1137
1138
1139
1151
1152
1158
1160
1176
1200
1209
1218
1221
1224
1244
1245
1254
1257
1260
1267
1280
1281
1284
1293
1300
1316
1318
1335
1337
1350
1359
1361
1367
1369
1370
1371
1372
1374
1377
1385
1396
1414
1417
1422
1423
1424
1426
1428
1431
1433
1435
1440
1441
1443
1446
1450
1451
1452
1454
1455
1456
1457
1458
1460
1467
1472
1476
1481
1484
1492
1508
1521
1526
1527
1528
1529
1531
1537
1538
1539
1540
1542
1543
1544
1547
1549
1550
1551
1552
1556
1558
1564
1567
1568
1569
1579
1587
1589
1593
1598
1601
1602
1610
1611
1613
1619
1620
1621
1623
1629
1630
1632
1633
1634
1635
1637
1639
1644
1662
1664
1666
1668
1679
1680
1681
1685
1688
1690
1691
1695
1707
1710
1713
1715
1722
1724
1725
1733
1734
1735
1736
1737
1738
1743
1744
1745
1746
1747
1775
1788
1795
1797
1801
1803
1805
1808
1809
1812
1816
1832
1853
1865
1889
1921
1937
1968
1973
1979
2002
2008
2014
2035
2036
2037
2038
2039
2040
2043
2049
2055
2096
2109
2134
2159
2163
2170
2174
2178
2192
2227
2230
2245
2246
2250
2251
2252
2254
2256
2258
2259
2260
2262
2263
2266
2267
2268
2269
2270
2272
2273
2276
2278
2282
2283
2284
2285
2286
2288
2290
2295
2296
2297
2304
2316
2321
2334
2337
2340
2341
2346
2351
2354
2360
2365
2392
2395
2397
2410
2413
2415
2418
2419
2429
2432
2434
2436
2443
2448
2450
2480
2481
2482
2483
2484
2486
2487
2489
2490
2491
2492
2493
2494
2496
2499
2501
2504
2508
2509
2510
2511
2513
2515
2518
2519
2520
2521
2522
2525
2526
2527
2528
2529
2533
2534
2535
2536
2538
2539
2540
2541
2545
2548
2552
2554
2555
2562
2563
2564
2566
2568
2569
2571
2572
2573
2574
2576
2577
2581
2586
2587
2591
2594
2596
2600
